54561053 Romero/Quispe/Felipe 21:16:18 4 12345 2 33120
17101050 Diaz/Ramos/Maria 15:04:22 4 45231
64225808 Reyes/Castro/Elena 09:55:57 4 22001 3 93210 4 19876
27302899 Lopez/Garcia/Isabel 06:21:31 1 33901
72662026 Soto/Marquez/Daniel 10:13:48 3 47291 4 20198
72234661 Lopez/Garcia/Isabel 06:27:13 4 55910 2 19876 1 88420
52322289 Torres/Mendoza/Luis 14:01:48 3 88420
84689738 Cruz/Sanchez/Jose 02:41:09 5 33120 4 11234 2 20198 4 33901
10409655 Vega/Perez/Raul 21:08:10 3 45231
62054820 Diaz/Ramos/Maria 18:11:58 4 62301 5 33901 1 32109
39216150 Soto/Marquez/Daniel 17:38:25 1 45231 1 22001 1 62301
95261875 Paredes/Gomez/Ana 11:36:57 2 19876 1 19876
97315108 Vega/Perez/Raul 09:07:26 5 19876 5 93210 1 74530 4 45231
21410910 Vega/Perez/Raul 20:31:31 2 90123 3 12345 3 20198
13788478 Soto/Marquez/Daniel 23:24:47 1 33120 3 32109 5 11234 2 28764
39908036 Romero/Quispe/Felipe 01:50:32 2 33901
24794433 Paredes/Gomez/Ana 10:31:51 4 88420 2 90123 2 93210 1 47654
34379555 Cruz/Sanchez/Jose 17:51:19 4 67234 5 60001
71049923 Romero/Quispe/Felipe 20:33:26 2 93210 4 74530
33340062 Torres/Mendoza/Luis 09:00:31 1 33120 1 55910 2 90123 5 88420
52802101 Flores/Zapata/Andrea 12:23:27 2 88420 5 33120
54911709 Cruz/Sanchez/Jose 01:22:44 3 22001 5 47654 2 74530
67685144 Diaz/Ramos/Maria 15:38:24 5 47654 4 55910 2 60001 5 33120
71930811 Paredes/Gomez/Ana 09:05:45 3 22001 1 22001
79303755 Diaz/Ramos/Maria 02:44:20 2 88420 5 33120 1 22001 4 60001
54456151 Flores/Zapata/Andrea 13:36:01 5 60001 2 45231
48799142 Lopez/Garcia/Isabel 01:10:41 4 93210 5 12345
61641277 Romero/Quispe/Felipe 18:46:27 2 11234 5 47654 1 12345 2 60001
99848942 Paredes/Gomez/Ana 20:16:30 3 12345 5 90123
26287110 Lopez/Garcia/Isabel 04:53:45 3 22001
22234267 Torres/Mendoza/Luis 16:04:31 2 11234 5 55910 1 67234
18779149 Reyes/Castro/Elena 01:18:59 3 88420 3 33120 4 11234
79556206 Lopez/Garcia/Isabel 22:35:08 3 33901 3 45231 3 62301 5 67234
59847186 Paredes/Gomez/Ana 07:24:31 1 62301
49230465 Diaz/Ramos/Maria 18:11:38 1 47654 5 55910 1 60001 3 19876
91255352 Reyes/Castro/Elena 14:20:51 3 88420
88728132 Lopez/Garcia/Isabel 16:56:06 1 11234 5 60001
15947030 Soto/Marquez/Daniel 08:23:06 5 45231
84857267 Paredes/Gomez/Ana 21:02:47 5 55910 4 47291
66167259 Paredes/Gomez/Ana 03:50:53 5 20198 4 67234
75553471 Paredes/Gomez/Ana 10:47:33 4 55910
91142362 Lopez/Garcia/Isabel 00:16:42 3 60001 4 62301
48818002 Soto/Marquez/Daniel 18:49:46 2 47654 1 47291
80343021 Reyes/Castro/Elena 10:40:19 4 88420 3 47291
71106114 Romero/Quispe/Felipe 01:46:24 5 55910
49725882 Lopez/Garcia/Isabel 09:20:42 4 33120
19767703 Vega/Perez/Raul 21:29:29 2 47654
18172297 Vega/Perez/Raul 09:24:56 5 45231 3 33901
64705594 Torres/Mendoza/Luis 10:28:39 3 45231 4 32109 2 90123
33590219 Vega/Perez/Raul 14:41:34 4 47654 4 47291
43787355 Torres/Mendoza/Luis 20:26:31 5 32109 3 33120 3 93210
45226386 Torres/Mendoza/Luis 19:05:11 1 47654 1 12345 2 88420
53869178 Reyes/Castro/Elena 23:43:43 2 62301 3 45231
20774116 Lopez/Garcia/Isabel 05:55:02 4 33901
30862638 Romero/Quispe/Felipe 04:48:39 3 33901
29468062 Flores/Zapata/Andrea 09:55:24 2 20198 1 20198 4 60001
10935064 Torres/Mendoza/Luis 17:37:54 1 19876
24302898 Romero/Quispe/Felipe 03:55:16 2 32109 5 60001 4 12345 4 11234
50125978 Diaz/Ramos/Maria 00:21:21 1 67234 2 62301 4 33901 2 90123
52453714 Lopez/Garcia/Isabel 13:11:04 5 45231 2 28764
60047755 Paredes/Gomez/Ana 04:12:46 4 47654 5 88420 4 32109
25800332 Paredes/Gomez/Ana 07:58:20 1 28764
41541079 Romero/Quispe/Felipe 18:20:17 1 12345
50129926 Torres/Mendoza/Luis 16:58:46 2 19876 3 47291 5 45231 1 11234
20455905 Lopez/Garcia/Isabel 23:59:01 3 47291
92018432 Reyes/Castro/Elena 20:33:03 1 88420 4 62301
88206066 Soto/Marquez/Daniel 01:00:00 1 33120 1 19876
88737709 Cruz/Sanchez/Jose 15:24:30 2 11234 5 74530
10508527 Reyes/Castro/Elena 23:48:18 4 60001 3 88420
84744736 Vega/Perez/Raul 10:23:51 3 32109 1 67234
95388311 Paredes/Gomez/Ana 11:03:46 4 22001
87657030 Paredes/Gomez/Ana 18:17:23 5 11234 2 47291 5 22001
22622429 Diaz/Ramos/Maria 14:15:03 3 19876 1 22001
69867884 Cruz/Sanchez/Jose 09:34:54 5 32109 1 19876 5 88420 1 19876
44845005 Soto/Marquez/Daniel 16:02:40 4 55910 2 20198 3 90123 3 90123
47939359 Vega/Perez/Raul 07:26:17 4 22001
86239463 Reyes/Castro/Elena 08:36:50 1 32109 3 12345
36627488 Soto/Marquez/Daniel 05:09:53 4 12345 2 28764 5 22001
71080162 Vega/Perez/Raul 06:04:11 2 19876
24573893 Cruz/Sanchez/Jose 01:50:56 1 93210 4 90123 3 67234 1 74530
95144640 Paredes/Gomez/Ana 09:19:13 4 45231 5 62301
54760216 Soto/Marquez/Daniel 20:42:13 3 11234 4 93210 2 47291 3 11234
74544618 Diaz/Ramos/Maria 09:35:02 5 55910 1 62301 1 22001
17975303 Flores/Zapata/Andrea 06:40:31 5 88420 5 90123 5 20198
87008229 Paredes/Gomez/Ana 04:44:53 5 60001 4 55910 5 19876 1 62301
66033785 Cruz/Sanchez/Jose 22:43:21 4 47654 1 88420
47721133 Vega/Perez/Raul 05:41:24 3 47291
23347017 Torres/Mendoza/Luis 20:22:47 5 47654 4 11234 2 19876 3 32109
51493908 Soto/Marquez/Daniel 02:19:23 5 67234 4 74530 3 12345 3 28764
50578157 Soto/Marquez/Daniel 17:43:28 1 62301 4 45231 2 33120 5 20198
46006569 Lopez/Garcia/Isabel 19:38:05 2 93210
28782790 Diaz/Ramos/Maria 19:36:12 1 74530 2 55910 4 88420 1 90123
71912054 Diaz/Ramos/Maria 12:23:56 1 22001 1 22001
30922866 Soto/Marquez/Daniel 18:34:13 3 12345 3 67234
23345822 Flores/Zapata/Andrea 05:59:24 4 32109 5 11234 1 11234 4 55910
84402458 Torres/Mendoza/Luis 07:46:55 2 60001 4 33120 3 74530
60099879 Flores/Zapata/Andrea 02:29:55 2 32109 5 60001 3 32109 3 45231
94931091 Soto/Marquez/Daniel 09:57:18 1 32109 5 62301 5 47654
98978277 Diaz/Ramos/Maria 05:52:29 3 90123 1 67234 3 22001 4 88420
41494836 Reyes/Castro/Elena 21:20:22 4 74530 3 12345 5 93210
