Ivysaur
        14         0
        15         0
        22         1
        33         1
        34         0
        36        25
        38        45
        45         1
        72         0
        73         9
        74         1
        75        12
        76         0
        77        15
        79        15
        92         0
        99         0
       102         0
       104         0
       115         0
       117         0
       156         0
       164         0
        29         0
       111         0
       148         0
       173         0
       174         0
       182         0
       189         0
       202         0
       203         0
       207         0
       210         0
       213         0
       214         0
       216         0
       218         0
       230        30
       235        35
       237         0
       241         0
        70         0
       188         0
       249         0
       263         0
       290         0
       331         0
       363         0
       388        40
       412         0
       445         0
       447         0
       282         0
       402         0
        81         0
       113         0
       219         0
       474         0
       496         0
       497         0
       520         0
        20         0
       267         0
       590         0
       526         0
       200         0
       133         0
       204         0
       206         0
       270         0
       311         0
       345         0
       437         0
       438         0
       580         0
       803         0
Venusaur
        14         0
        15         0
        22         1
        33         1
        34         0
        36        25
        38        51
        45         1
        63         0
        72         0
        73         9
        74         1
        75        12
        76         0
        77        15
        79        15
        92         0
        99         0
       102         0
       104         0
       115         0
       117         0
       156         0
       164         0
        29         0
        46         0
       111         0
       148         0
       173         0
       174         0
       182         0
       189         0
       202         0
       203         0
       207         0
       210         0
       213         0
       214         0
       216         0
       218         0
       230        30
       235        37
       237         0
       241         0
        70         0
        89         0
       188         0
       249         0
       263         0
       290         0
       331         0
       338         0
        80         1
       363         0
       388        44
       412         0
       416         0
       431         0
       445         0
       447         0
       200         0
       282         0
       402         0
        81         0
       335         0
       113         0
       219         0
       474         0
       496         0
       497         0
       520         0
       523         0
        20         0
       267         0
       572         1
       590         0
       526         0
       707         0
       133         0
       438         0
       204         0
       206         0
       270         0
       311         0
       345         0
       414         0
       437         0
       580         0
       803         0
       805         0
Charmander
         5         0
        10         1
        14         0
        15         0
        25         0
        34         0
        36         0
        38         0
        43        15
        45         1
        52         4
        53         0
        66         0
        68         0
        69         0
        70         0
        82        22
        83         0
        91         0
        92         0
        99        19
       102         0
       104         0
       115         0
       117         0
       126         0
       129         0
       130         0
       156         0
       163        20
       164         0
         7         0
        29         0
        44         0
       108         8
       111         0
       157         0
       173         0
       174         0
       182         0
       184         0
       187         0
       189         0
       200         0
       203         0
       207         0
       210         0
       213         0
       214         0
       216         0
       218         0
       223         0
       225        12
       231         0
       237         0
       241         0
       246         0
       249         0
       251         0
       263         0
       264         0
       280         0
       290         0
       315         0
       332         0
       337         0
       349         0
       232         0
       242         0
       261         0
       317         0
       363         0
       374         0
       394         0
       407         0
       421         0
       424         0
       445         0
         9         0
       257         0
       406         0
       468         0
       481        28
       488         0
       496         0
       497         0
       510         0
       517        36
       519         0
       314         0
       590         0
       612         0
       526         0
       154        18
        17         0
       206         0
       270         0
       311         0
       512         0
       525         0
Charmeleon
         5         0
        10         1
        14         0
        15         0
        25         0
        34         0
        36         0
        38         0
        43        15
        45         1
        52         1
        53         0
        66         0
        68         0
        69         0
        70         0
        82        26
        83         0
        91         0
        92         0
        99        20
       102         0
       104         0
       115         0
       117         0
       126         0
       129         0
       130         0
       156         0
       163        24
       164         0
         7         0
        29         0
       108         1
       111         0
       173         0
       174         0
       182         0
       184         0
       189         0
       203         0
       207         0
       210         0
       213         0
       214         0
       216         0
       218         0
       223         0
       225        12
       231         0
       237         0
       241         0
       249         0
       263         0
       264         0
       280         0
       290         0
       315         0
       332         0
       337         0
       157         0
       232        13
       261         0
       317         0
       363         0
       374         0
       421         0
       424         0
       445         0
         9         0
       257         0
       468         0
       481        32
       488         0
       496         0
       497         0
       510         0
       517        48
       519         0
       200         0
       590         0
       612         0
       406         0
       526         0
       154        20
       206         0
       242         0
       251         0
       270         0
       311         0
       349         0
       394         0
       512         0
Charizard
         5         0
        10         1
        14         0
        15         0
        25         0
        34         0
        36         0
        38         0
        43        15
        45         1
        52         1
        53         0
        63         0
        66         0
        68         1
        69         0
        70         0
        82        26
        83         0
        89         0
        90         0
        91         0
        92         0
        99        20
       102         0
       104         0
       115         0
       117         0
       126         0
       129         0
       130         0
       156         0
       163        24
       164         0
        19         0
         7         0
        17         1
        29         0
        46         0
       108         1
       111         0
       173         0
       174         0
       182         0
       184         0
       189         0
       201         0
       203         0
       207         0
       210         0
       211         0
       213         0
       214         0
       216         0
       218         0
       223         0
       225        12
       231         0
       237         0
       241         0
       249         0
       263         0
       264         0
       280         0
       290         0
       315         0
       332         0
       337         0
       157         0
       232        13
       257         0
       307         0
        76         0
       261         0
       317         0
       355         0
       363         0
       374         0
       394         0
       403         0
       406         0
       411         0
       416         0
       421         0
       424         0
       432         0
       445         0
         9         0
       200         0
       239         0
       314         0
       466         0
       366         0
       468         0
       481        32
       488         0
       496         0
       497         0
       507         0
       510         0
       517        54
       519         0
       523         0
       525         0
       590         0
       612         0
       526         0
       693         0
       154        20
       242         0
       206         0
       251         0
       270         0
       299         0
       311         0
       349         0
       512         0
       535         0
       542         0
       595         0
       784         0
       799         0
       814         0
       815         0
Squirtle
         5         0
        25         0
        33         1
        34         0
        36         0
        38         0
        39         1
        44        12
        55         3
        56         0
        57         0
        58         0
        59         0
        61        27
        66         0
        68         0
        69         0
        70         0
        91         0
        92         0
        99         0
       102         0
       104         0
       110         6
       115         0
       117         0
       130        36
       145         9
       156         0
       164         0
         8         0
        29         0
        54         0
        93         0
       111         0
       114         0
       127         0
       173         0
       174         0
       175         0
       182         0
       189         0
       193         0
       196         0
       203         0
       205         0
       207         0
       213         0
       214         0
       216         0
       218         0
       223         0
       229         9
       231         0
       237         0
       240         0
       243         0
       249         0
       250         0
       258         0
       263         0
       264         0
       280         0
       281         0
       287         0
       290         0
       291         0
       300         0
       352        15
       252         0
       317         0
       330         0
       360         0
       362         0
       363         0
       374         0
       392         0
       401        24
       445         0
       453         0
       334         0
       428         0
       323         0
       496         0
       503         0
       518         0
       396         0
       406         0
       590         0
       612         0
       526         0
       157         0
       200         0
       206         0
       270         0
       311         0
       504        27
       791         0
       812         0
Wartortle
         5         0
        25         0
        33         1
        34         0
        36         0
        38         0
        39         1
        44        12
        55         1
        56         0
        57         0
        58         0
        59         0
        61        33
        66         0
        68         0
        69         0
        70         0
        91         0
        92         0
        99         0
       102         0
       104         0
       110         1
       115         0
       117         0
       130        50
       145         9
       156         0
       164         0
         8         0
        29         0
       111         0
       127         0
       173         0
       174         0
       182         0
       189         0
       196         0
       203         0
       205         0
       207         0
       213         0
       214         0
       216         0
       218         0
       223         0
       229         9
       231         0
       237         0
       240         0
       249         0
       250         0
       258         0
       263         0
       264         0
       280         0
       290         0
       291         0
       352        15
       317         0
       360         0
       362         0
       363         0
       374         0
       401        30
       445         0
       334         0
       428         0
       496         0
       503         0
       518         0
       590         0
       612         0
       406         0
       526         0
       157         0
       200         0
       206         0
       270         0
       311         0
       330         0
       396         0
       504        35
       812         0
Blastoise
         5         0
        25         0
        33         1
        34         0
        36         0
        38         0
        39         1
        44        12
        55         1
        56         0
        57         0
        58         0
        59         0
        61        33
        63         0
        66         0
        68         0
        69         0
        70         0
        89         0
        90         0
        91         0
        92         0
        99         0
       102         0
       104         0
       110         1
       115         0
       117         0
       130        56
       145         9
       156         0
       164         0
         8         0
        29         0
        46         0
       111         0
       127         0
       173         0
       174         0
       182         0
       189         0
       196         0
       203         0
       205         0
       207         0
       213         0
       214         0
       216         0
       218         0
       223         0
       229         9
       231         0
       237         0
       240         0
       249         0
       250         0
       258         0
       263         0
       264         0
       280         0
       290         0
       291         0
       352        15
       308         0
       157         0
       317         0
       360         0
       362         0
       363         0
       374         0
       401        30
       411         0
       416         0
       419         0
       430         0
       431         0
       445         0
       200         0
       324         0
       334         0
       428         0
       479         0
       496         0
       503         0
       518         0
       523         0
       525         0
       399         0
       590         0
       612         0
       406         0
       526         0
       710         0
       252         1
       453         1
       206         0
       242         0
       270         0
       311         0
       330         0
       396         0
       504        35
       776         0
       805         0
       812         0
Caterpie
        33         1
        81         1
       173         0
       450         9
       527         0
