220562    20260622  AMEZQUITA CONTRERAS HUMBERTO ALFONSO6531.87   638.79              
0.00                

530367    20230723  CABRERA MORENO DELIA ESTEFANIA16625.14  408.72              
955.63              
206.77              
722.68              
875.97              
500.44              
615.49              

140158    20220723  CALIXTO TORRES MIGUEL         12363.22  145.88              
401.22              
50.15               
662.24              

870138    20240723  CASTILLO MEJIA GUSTAVO ALONSO 32878.35  495.65              
659.32              

640279    20250723  CESAR JAIME RODRIGUEZ SERRANO 3289.50   283.75              
820.12              
833.30              
64.90               

250612    20240622  CHUNG ZUNIGA ZKENIA IRMA      23672.50  332.68              
809.55              
854.94              
60.36               
143.89              
934.20              
696.16              
205.20              

510907    20240823  FLORENCIO POLO FIORELLA ERIKA 6220.33   479.07              
39.23               
853.10              
648.13              
485.50              
711.23              
108.24              
366.36              

514787    20250823  JOLAY CHUMPITAZ WALTER        7328.23   445.68              
348.57              
457.07              
634.88              
755.24              
968.89              
997.29              
963.33              

378708    20220622  SAENZ ARANDA WILMER           23455.63  243.66              
609.00              
498.38              
141.32              
842.32              
839.70              
819.80              
876.49              

810557    20260723  SHIRAKAWA FLORIAN JAIME JULIAN47123.45  208.65              
312.53              
625.34              
591.53              
357.81              
669.39              
812.20              
645.68              

919777    20250622  TABORI ARIAS ROSARIO          2172.12   852.29              
615.79              
998.66              
582.88              
885.05              
782.84              
972.67              

350118    20260823  VILCARA JUGO JULIO            9283.80   14.22               
49.34               
826.14              
451.18              
243.66              
639.43              
525.75              
835.85              

275448    20230622  ZAMORA CABRERA CARMEN         87254.92  17.31               
677.72              
461.23              
683.91              
181.27              

349213    20230823  ZARATE URBINA DELIA           2353.92   658.89              
912.04              
50.79               
369.50              
743.97              
168.87              
572.41              
887.39              

